000100000000 0001 000100010000 
000100000001 0011 000100010001 
000100000010 0110 000000000000 
000100000011 0101 000000000000 
000100000100 0100 000100010010 
000100000101 0110 000000000000 
000100000110 1000 000000000000 
000100000111 0011 000100010011 
000100001000 0110 000000000000 
000100001001 1001 000100001100 
000100001010 0101 000000000000 
000100001011 0110 000000000000 
000100001100 0010 000100010100 
000100001101 0011 000100010100 
000100001110 0110 000000000000 
000100001111 0111 000000000000 
000100010000 0000010000000000 
000100010001 0000100000000000 
000100010010 0001000000000000 
000100010011 0001010101111010 
000100010100 0000000000000000 
